% ATC mean CV
sc101 = [0	20.17007234	2.096654548
0.066741993	17.06434179	2.294235419
0.089089872	20.32242374	2.115857996
0.118920712	20.0853417	2.085606038
0.158740105	21.53234703	1.997885265
0.211892619	21.82298515	2.02064897
0.282842712	25.01781095	1.863928172
0.377549725	26.78689118	1.677623129
0.50396842	42.0935613	1.412763369
0.672717132	53.30313475	1.256686439
0.897969639	87.34177697	1.076191104
1.198645662	137.8016334	0.87547291
1.6	236.6437461	0.699255192
2.135743767	373.6701985	0.556783279
2.850875898	609.7619584	0.415990688
3.805462768	843.1344963	0.334086588
5.079683366	1071.4618	0.288613608
6.780563804	1397.649775	0.25790267
9.050966799	1552.662146	0.256714425
12.0815912	1686.379826	0.249524705
16.12698944	1877.506507	0.26706723
21.52694823	2005.55878	0.2811195
28.73502844	2088.083733	0.288958812
38.35666117	2147.741618	0.307312971
100	2259.59754	0.31630828
0.077915932	18.9217717	2.133995634
0.104005292	22.70074715	1.972963024
0.138830408	22.29713162	1.964469176
0.185316362	22.41527993	1.951418267
0.247367666	23.53808404	1.852765442
0.330196219	22.96933735	1.91134706
0.440759073	37.10628023	1.44390132
0.588342776	50.98278475	1.269257256
0.785343385	74.92316579	1.11090689
1.04830765	106.2039159	0.962218012
1.399322831	181.5889592	0.817838545
1.867871883	276.9667406	0.659993965
2.493309832	529.2775925	0.464493585
3.328169333	698.1758748	0.38607389
4.442573067	988.6270484	0.30297853
5.930123585	1192.258953	0.269759775
7.915765302	1522.638028	0.250704024
10.566279	1637.806804	0.249011848
14.10429032	1848.64393	0.258251936
18.82696883	2057.966423	0.283402184
25.13098833	2126.364961	0.292519521
33.5458448	2213.252497	0.307219362
44.77833058	2215.790232	0.308945335
116.7419927	2311.117535	0.31206704];

p15a = [0	26.84	1.826230825
0.571705101	26.66187391	1.838668212
0.763134753	27.80716405	1.76226506
1.018662683	27.81820959	1.866650363
1.359751547	26.97777547	1.953813419
1.815050557	36.16221304	1.560387836
2.422801821	46.43756087	1.45146609
3.234052429	150.0185342	1.010207582
4.316942073	304.2524417	0.76620522
5.762426327	492.946033	0.601111921
7.691916317	985.2624766	0.397737982
10.26747646	1447.311066	0.323304027
13.70543677	2087.288095	0.293574129
18.29456323	2950.566457	0.271082125
24.42031211	3144.414412	0.259374333
32.59720585	3941.373613	0.274737376
43.51204951	4202.128597	0.281915796
58.08161782	4476.306225	0.293172177
77.52965826	4601.684323	0.299868443
103.4896777	5021.748201	0.303098709
138.1421463	5063.310883	0.313442671
184.3976425	5251.967855	0.317871395
246.1413222	5403.528906	0.31461962
328.5592466	5638.119276	0.311551864
438.5739768	5919.129714	0.318607182
0.667419927	29.22711249	1.739365324
0.890898718	30.91572128	1.759238471
1.189207115	28.5375519	1.721281148
1.587401052	34.43432072	1.585716773
2.118926189	35.65107176	1.589060607
2.828427125	48.78195222	1.379472062
3.775497251	270.5748098	0.798982446
5.0396842	409.3404762	0.648355504
6.727171322	654.9995494	0.500417696
8.979696386	1131.165126	0.372078224
11.98645662	1579.52096	0.31425246
16	2173.465741	0.271094155
21.35743767	3138.894245	0.263409401
28.50875898	3313.962877	0.265188077
38.05462768	4071.205512	0.272178338
50.79683366	4268.866915	0.278547469
67.80563804	4449.206377	0.288006351
90.50966799	4579.161337	0.297254748
120.815912	4936.078646	0.309746353
161.2698944	5045.979251	0.307878105
215.2694823	5216.513754	0.3208621
287.3502844	5163.328214	0.304731546
383.5666117	5554.777293	0.317609469
512	5876.154593	0.320574508];

cole1 = [0	35.618	1.684100455
0.571705101	34.9087954	1.542324953
0.763134753	32.250199	1.528489466
1.018662683	30.39241812	1.684410972
1.359751547	35.87069156	1.523035654
1.815050557	34.75824831	1.528043695
2.422801821	37.75025976	1.530203255
3.234052429	45.60855359	1.378306991
4.316942073	52.81937935	1.268852164
5.762426327	83.44450918	1.245676829
7.691916317	321.5900859	0.930165048
10.26747646	818.5382366	0.637300844
13.70543677	1679.475683	0.496205142
18.29456323	3336.431125	0.34575131
24.42031211	4321.865773	0.305801836
32.59720585	6965.893382	0.226099114
43.51204951	7918.535792	0.221992366
58.08161782	9038.342817	0.222469631
77.52965826	9633.156799	0.238841112
103.4896777	10357.16599	0.247749191
138.1421463	10608.95307	0.25036381
184.3976425	11438.58793	0.26777389
246.1413222	12005.22111	0.271401869
328.5592466	12569.80901	0.285000357
438.5739768	13020.42064	0.282651375
0.667419927	36.25519208	1.640865064
0.890898718	41.34063316	1.473685429
1.189207115	41.3332556	1.52752931
1.587401052	41.05659264	1.379887058
2.118926189	42.69376711	1.460251486
2.828427125	42.05659367	1.457873376
3.775497251	52.90810999	1.325377384
5.0396842	64.72143649	1.252158607
6.727171322	115.8724466	1.190726066
8.979696386	358.3599518	0.907546335
11.98645662	747.1960997	0.667970752
16	1708.68005	0.495483346
21.35743767	3779.494888	0.331926546
28.50875898	4433.248337	0.294782611
38.05462768	6801.959968	0.217723944
50.79683366	7610.749731	0.217147683
67.80563804	8504.813937	0.225304936
90.50966799	9409.333185	0.231089254
120.815912	9916.275413	0.248341387
161.2698944	10637.72337	0.262660345
215.2694823	11163.85348	0.271349693
287.3502844	11558.31087	0.264906322
383.5666117	12253.83788	0.276467942
512	13111.86192	0.292492045];

f1d(:,:,1) = sc101(:,1:2);
f1d(:,:,2) = p15a(:,1:2);
f1d(:,:,3) = cole1(:,1:2);