B34= [0	43.79009176	1.395457619
4.51E-05	42.99795034	1.396311003
5.89E-05	43.39255485	1.501396359
7.69E-05	53.06114342	1.344139604
0.000100457	43.95293658	1.401547889
0.000131148	56.47377363	1.335288082
0.000171216	54.24885471	1.345893548
0.000223524	57.79819463	1.227457424
0.000291813	64.50220079	1.234763049
0.000380965	76.67025228	1.143147705
0.000497355	133.997519	1.098272666
0.000649302	1023.606227	0.705517949
0.000847672	957.0957985	0.713272583
0.001106646	3628.187189	0.441200915
0.001444739	7443.358055	0.366415785
0.001886123	11076.80311	0.365650724
0.002462356	14335.29016	0.383332425
0.003214635	17209.41225	0.407172061
0.004196743	19449.50609	0.436567245
0.005478897	21317.16133	0.448014682
0.007152765	22200.24974	0.441106583
0.009338018	22111.89001	0.45581947
0.012190892	22674.74404	0.453145036
0.015915352	21188.75778	0.463870174
0.020777678	21895.73808	0.466413951
0	55.5663581	1.300810005
3.92E-05	55.63212474	1.279004846
5.11E-05	54.63005787	1.332798382
6.68E-05	56.95867103	1.262710828
8.71E-05	57.54000147	1.288105935
0.000113769	57.67430689	1.263877631
0.000148527	62.29687233	1.214036048
0.000193904	58.74188238	1.278916761
0.000253144	64.42482028	1.223778268
0.000330482	73.48111656	1.147083117
0.000431448	106.0069565	1.123282721
0.000563261	398.5292739	0.949452207
0.000735344	482.5933951	0.922247759
0.00096	2878.969403	0.470471366
0.001253291	5807.146446	0.363019082
0.001636186	9976.456312	0.353141089
0.00213606	12978.09765	0.369306067
0.002788652	14925.97921	0.395818935
0.003640618	18590.60563	0.419716679
0.004752869	20516.40807	0.414788772
0.006204926	21938.54338	0.427518205
0.008100603	23446.70642	0.449533759
0.010575433	23315.34176	0.454196807
0.013806351	23036.03279	0.457919875
0.018024353	22549.08955	0.466034394];

B32 = [0	38.45572536	1.562253071
0.000553655	42.6275861	1.450055202
0.000613067	45.27135995	1.438509539
0.000678856	46.17962245	1.392680417
0.000751703	46.50417925	1.401044502
0.000832368	50.96636715	1.401750356
0.00092169	49.78493739	1.301362024
0.001020596	57.67506724	1.357647586
0.001130116	64.69050791	1.321442211
0.001251388	100.2340179	1.689869339
0.001385674	117.5608995	1.93337593
0.001534371	274.0318885	2.311342063
0.001699024	626.9802052	2.060198106
0.001881345	4191.207752	0.850845835
0.002083232	6598.063759	0.650925758
0.002306783	8408.982198	0.543428895
0.002554323	9415.609215	0.531594269
0.002828427	10769.00387	0.505203759
0.003131945	12208.49295	0.499840625
0.003468033	15131.36864	0.489202763
0.003840187	15404.10273	0.496645261
0.004252276	16015.94756	0.496035535
0.004708587	15641.0047	0.469706755
0.01	18288.52891	0.466264419
0.05	17815.60079	0.471770597
0	42.68705701	1.46349468
0.000583361	51.39052838	1.328367937
0.000645961	48.0303789	1.338474595
0.000715279	53.37870247	1.285823862
0.000792036	54.87893839	1.307487767
0.000877029	58.05060375	1.281890909
0.000971143	56.38687691	1.286437981
0.001075356	71.04636928	1.293150662
0.001190752	74.14874038	1.3540214
0.001318531	118.9811511	1.634162676
0.001460023	161.271041	2.133688016
0.001616697	435.3873313	2.362395901
0.001790184	995.6580722	1.762052776
0.001982289	5009.503279	0.775876998
0.002195008	5090.47668	0.765782036
0.002430553	9065.816172	0.533826456
0.002691375	10403.93695	0.530068346
0.002980186	11437.83816	0.508860217
0.003299989	12889.57571	0.488172925
0.00365411	15216.80617	0.486588763
0.004046231	15417.67269	0.494972674
0.004480431	16291.46331	0.482557067
0.004961225	16747.31829	0.491786575
0.010536549	19231.93593	0.482662902
0.052682743	18582.69661	0.490627326];

B31 = [0	38.50457344	1.504377039
0.000553655	40.11008009	1.555847121
0.000613067	39.52641431	1.515838353
0.000678856	43.71086151	1.423828274
0.000751703	41.60803076	1.494853914
0.000832368	42.77169548	1.489366543
0.00092169	44.11088163	1.435327933
0.001020596	46.80117938	1.493094236
0.001130116	45.85934213	1.415605868
0.001251388	56.44585132	1.480798416
0.001385674	58.20385553	1.473961173
0.001534371	70.32424242	1.633147344
0.001699024	81.34245911	1.902541109
0.001881345	383.0646156	2.907149168
0.002083232	452.1646391	2.5485464
0.002306783	2606.567163	1.436978734
0.002554323	4328.353195	0.995856128
0.002828427	6124.357312	0.782331412
0.003131945	8276.460763	0.662784606
0.003468033	11986.70009	0.549747416
0.003840187	12206.41711	0.549209699
0.004252276	13167.82822	0.527987744
0.004708587	14150.83027	0.521508063
0.01	17401.54579	0.49693243
0.05	17891.29183	0.502674664
0	42.98677138	1.375818783
0.000583361	43.55211447	1.416080923
0.000645961	45.69848754	1.484143362
0.000715279	47.36968421	1.427999141
0.000792036	46.71511752	1.445327919
0.000877029	45.28504585	1.517158775
0.000971143	49.35038937	1.407273336
0.001075356	49.32159783	1.40472309
0.001190752	53.06816711	1.422695574
0.001318531	60.80796324	1.445039555
0.001460023	64.87468894	1.507386595
0.001616697	79.88557498	1.422093186
0.001790184	104.0355331	1.769314747
0.001982289	223.2072724	2.797650959
0.002195008	412.1433379	2.547609504
0.002430553	2271.918982	1.47518243
0.002691375	4185.38978	1.019769898
0.002980186	6605.453873	0.785649314
0.003299989	10179.87907	0.583577303
0.00365411	11909.07385	0.560398461
0.004046231	11988.61658	0.512378762
0.004480431	12863.67997	0.498052601
0.004961225	14404.06064	0.502703847
0.010536549	16894.81501	0.480777426
0.052682743	17542.03203	0.486617268];

B33 = [0	32.12283976	1.698585833
0.062996052	33.01215925	1.674101804
0.079370053	33.75050842	1.716329631
0.1	34.356381	1.635126982
0.125992105	35.55601753	1.545160551
0.158740105	36.73504271	1.699369897
0.2	36.92858508	1.739264763
0.25198421	320.802025	6.686308965
0.31748021	950.9843742	4.627589341
0.4	1592.553184	3.341599476
0.50396842	2363.447891	2.660181857
0.634960421	3085.556992	2.337487064
0.8	3310.264026	2.288151954
1.00793684	4827.309026	1.876411191
1.269920842	5666.883242	1.651193434
1.6	6828.103751	1.493553854
2.01587368	6913.883473	1.400442938
2.539841683	7620.102104	1.275451762
3.2	8289.551141	1.271138547
4.03174736	7974.243692	1.214715421
5.079683366	9545.948998	1.115115589
6.4	10274.93027	1.049402342
8.063494719	10774.41337	0.960136543
10.15936673	11037.05071	0.969034671
12.8	11294.60384	0.914650296
0	35.45108533	1.571043849
0.071183053	37.01380634	1.590628689
0.089685026	37.27218867	1.543257869
0.112996052	34.52958003	1.644299796
0.142366105	40.61548374	1.546461709
0.179370053	42.7821195	1.804776769
0.225992105	52.47884875	2.805027788
0.28473221	1528.350254	3.525838296
0.358740105	2601.636147	2.808607326
0.45198421	3498.403415	2.310023824
0.56946442	4189.116643	2.087829599
0.71748021	4837.64518	1.84528298
0.90396842	5501.929675	1.723428175
1.138928841	7089.313539	1.481236582
1.434960421	7479.913416	1.299664257
1.80793684	9270.88556	1.16367322
2.277857681	10178.91391	1.078079472
2.869920842	10528.20631	1.04493028
3.61587368	10148.54773	1.058946047
4.555715363	11455.47332	0.927792348
5.739841683	12435.97352	0.890821904
7.23174736	13337.32644	0.813816386
9.111430726	13388.27128	0.804560069
11.47968337	12501.84969	0.852814548
14.46349472	13085.88894	0.795912762];

